1286783
4157470
9547377
11478509
12584637
12674901
14370281
20448840
26364142
27478316
30940813
30997753
33046782
39997056
45306508
46826334
49962950
50262906
51328295
51336949
51738877
53667833
55010509
62798764
64728163
71465708
75361267
75462710
75486781
75802033
81744767
82612460
84535706
86360016
87255480
88008129
93180608
94360032
97157854
99110729
101061962
101491395
112326763
113468885
114016896
121061988
121108541
125246726
126523164
128970623
129340908
130785555
132876677
134279402
135259838
136546621
138486764
140785478
141418645
145354106
152183379
155134734
156449711
156558472
158438619
160043949
160630596
164908110
165359700
165466571
166257709
167310334
168824159
171891802
172900049
179287365
190813443
193931699
202146329
203395198
205942946
206297940
208881188
209388054
211499227
211663543
211953755
214491542
221325900
229000057
230976889
236968093
239432071
239914122
240985274
241470837
242480607
243304384
245905232
249494766
249926456
251725503
252859842
253391353
254844122
261109812
261974642
264650722
265152705
265397780
268305056
271419105
271677726
273012663
275403364
276662912
278414564
280850016
284283133
284998331
287291465
288654151
294706506
294712506
296655539
305684762
306516442
306966377
309916751
310361323
310897779
313922047
318120929
318538269
321856481
324459484
325560385
325710491
326169962
327940930
329836988
332649198
333457384
334639503
338105840
339542070
344519845
350535412
352840790
352855943
353722899
354429543
356811598
356892322
359374117
364484767
365306500
365465130
365763183
368938819
369012935
375842474
378100101
378420442
379118991
381147472
393278209
394388645
394415841
394458592
395799854
397541460
399435578
399865697
400984195
404271429
408316476
408569850
408873725
413072260
414137402
414903337
420156763
421009972
424550769
424866192
425356654
427903516
436921952
438779371
439315739
440697765
441999902
443735958
447092770
453107292
455555624
456188625
456226626
457464111
458023443
458975391
459342728
466428571
472597572
473034331
474033893
478191364
480565244
485879518
486764591
488134778
488160334
489684198
500273612
501950050
502256660
503851148
505879049
507628530
516250409
517652537
521445589
523172504
527429468
529434657
531528550
532724168
533737819
537733263
538672422
545635484
546357390
548960985
551232070
552019041
552825608
554446332
555261145
555506363
557118098
558040220
560005823
561229144
563667391
564185828
565845746
565984573
566038096
566879960
570205522
572082844
573109339
575599426
577838186
581341759
582749790
584998411
586981289
589109259
591518470
600969405
601605272
602520803
604649560
604917272
605015351
610892641
618112200
618226552
618584613
621402185
621817471
622079174
622330172
629169418
629950383
636884235
639888131
640878056
642735528
645238075
645733009
646481491
650442914
650814967
653071570
655612790
658494937
660313491
663666225
669713865
675930399
676874907
685878502
687662278
691710982
698634553
699494281
699936995
701919429
704175740
704617112
707193603
712090698
712213674
714376324
714832918
718440297
719175793
721689717
723202677
723870039
725770724
727429952
727461276
729665338
731162967
731510197
732623419
732641372
735563593
738082689
742974986
743235350
746827220
748459555
748897459
750065013
750561154
750664908
751303177
753823731
756040598
756561326
757482983
761942781
763685411
763759890
764339394
764742078
767038506
770631397
772561466
774132945
774617092
774772018
775259600
776429155
779049651
780471658
782109774
786756947
788336884
790477235
792871738
793277075
796203936
796542924
797856849
799919945
801617358
802810852
804316644
805571664
806003618
806524276
808852453
809977940
810956916
811201428
815471294
815481088
822751679
824733096
825438362
831619566
842500612
844637773
846919554
856339669
857241982
860465053
862950698
865941088
865946486
867679757
868795865
869521543
870826372
872372766
876327286
878028015
879049222
879609351
890854343
891931680
892015708
894513646
897750090
898447592
903808827
904094284
904387752
904979246
910394682
910996542
911307483
911735331
911852678
913303902
914590685
915498151
915716837
916879329
917475737
924389221
927693962
930731340
931883568
933372898
933437457
935373268
941334535
943259975
944282646
951617737
954859569
956148074
962143354
962489231
963853258
965502619
966215610
967079113
967664467
968315273
971189717
972029766
973014493
976207076
976729881
977258088
977691800
977984178
979121459
981716926
982704472
983832676
987456198
988373677
991874753
996032223
998016986
999101409
1000831768
1004782969
1004788637
1004962568
1008670605
1009264138
1013691693
1014265851
1022383629
1025030043
1025354766
1025655068
1033463867
1034467404
1035742341
1035812762
1037075465
1041706417
1043801698
1048261292
1048553974
1049799175
1051137307
1051917615
1053144276
1053984915
1055764501
1056137001
1057633570
1059831492
1061015183
1063694046
1064434996
1065232286
1065671035
1066431979
1067283964
1068693302
1070339394
1071662153
1073622703
1079460260
1080940488
1084325955
1084851008
1085211566
1089929852
1090446014
1090634116
1094785516
1095893570
1108598165
1108769733
1111881301
1112048143
1115704138
1115867545
1122277475
1123350628
1125080519
1126409583
1126523758
1127206798
1127627961
1132574597
1133171136
1137304328
1137734792
1139458373
1139791436
1144344078
1146471174
1152985469
1155738170
1156317667
1156663032
1157916802
1158433955
1159009625
1159835242
1160894820
1162243564
1162815216
1168322808
1169810796
1170034311
1171892021
1172385398
1173719053
1178294306
1179098463
1179882571
1180752849
1180893480
1187957970
1195315500
1195586120
1196269573
1196652719
1201956974
1206447837
1207617490
1208649741
1209593987
1210905461
1211634027
1211752309
1212889593
1218955723
1219672565
1223630899
1225054842
1226351588
1230205114
1232480750
1234652464
1235276978
1235795886
1237312215
1239197317
1246874654
1249128629
1250001251
1250077560
1252869988
1255424173
1255616060
1258880742
1259458288
1260693190
1261727182
1264728592
1266715257
1269352482
1270526400
1273839342
1275122525
1277411442
1280549197
1284912451
1287815562
1289330736
1289856895
1291794189
1297786993
1298508310
1304648352
1306680988
1308509837
1309178909
1309986866
1311688506
1313669664
1315433618
1316585922
1317005934
1318112195
1318957150
1319932162
1320464733
1320942075
1322532458
1322786546
1323020316
1324254817
1324811900
1331319146
1345164921
1345796444
1347272058
1354215561
1357495044
1361498630
1361653263
1364971043
1366887043
1368935686
1371907929
1373013458
1373505159
1374343440
1381118947
1381552453
1381782396
1384174841
1387486841
1388021097
1388517933
1390086999
1391329774
1391757419
1392984907
1393070026
1393189221
1396019277
1397356164
1398499922
1401808857
1405989706
1414879681
1416859403
1418737766
1419899757
1423766650
1425254416
1426064505
1428624058
1430402947
1431447118
1434039371
1434867667
1437506272
1440891531
1441462052
1442512133
1442954298
1443060174
1444129238
1444684706
1445251884
1446798926
1448353337
1455003841
1455394982
1455663223
1456757779
1458711541
1458979234
1459425578
1460813663
1464830784
1466050798
1470688787
1471506058
1472356002
1473104743
1474223587
1475183945
1475984143
1477103066
1477567028
1478643543
1479792822
1480930365
1483282509
1486786068
1487760105
1488664017
1490110119
1490762182
1498554613
1498705194
1499303186
1503656537
1503931170
1505686226
1505713866
1506251912
1508463862
1511009984
1513540994
1516340826
1516445570
1516763883
1518451801
1519209359
1520246737
1521115452
1521889183
1521971793
1523030405
1524547714
1529955004
1533491256
1535154372
1537237955
1539206547
1540126966
1541142143
1541424613
1542349399
1542735062
1543254285
1543638149
1545097338
1545578608
1546346978
1548663259
1550508721
1553553983
1554968463
1555604968
1557062687
1557478033
1557594681
1557657469
1559166868
1562903460
1566532628
1567450509
1567661852
1567926176
1568151131
1571991635
1572987834
1574171690
1575277189
1582219104
1585562425
1586522197
1587670692
1589075674
1592084228
1594029049
1603124101
1603357398
1606388241
1609825501
1610956405
1611481227
1611770852
1616207957
1616381809
1619509831
1628872806
1629168844
1629517986
1632081284
1635636659
1637329716
1637455366
1638905221
1640898831
1646369020
1652693956
1662293355
1663669595
1665863054
1666887841
1670234323
1672491014
1674901256
1675429750
1675632527
1675699140
1677267693
1680505793
1681276356
1682990470
1687039335
1693941293
1695368933
1698616084
1700115661
1704213634
1706951968
1708697058
1711169563
1711220554
1712578558
1713909115
1717175191
1725291761
1727036391
1727919649
1728155753
1729635545
1732064947
1734761513
1740429874
1743390577
1743605439
1745346117
1745781906
1748766237
1749188887
1750862826
1756111856
1760826596
1764974064
1768945681
1775178928
1777879273
1777928845
1785996659
1786707821
1787027956
1787369917
1788276136
1788293622
1789940793
1790344718
1790888724
1796450566
1797555397
1804774811
1806396601
1806822393
1808237196
1808298478
1811805099
1815299799
1820597930
1823449531
1824661510
1824847176
1827373340
1829086284
1830222580
1832278104
1832954141
1836176902
1838607797
1839224405
1839772089
1841921440
1844769498
1845391063
1845722989
1845824961
1850118400
1854908684
1857895220
1858499862
1860265620
1860819541
1865952593
1868315870
1868655800
1872818871
1875816023
1877491621
1878275540
1879654237
1881349555
1883599553
1884474313
1886488413
1887772160
1890670255
1897166854
1898145334
1902200199
1902433220
1909066140
1909728592
1918711377
1921911480
1923824819
1925456843
1931354572
1935732881
1937675124
1937878383
1941024943
1943206313
1943776025
1945313200
1946297103
1947273077
1947516358
1950592477
1953552103
1960488564
1962503473
1964766383
1966769256
1966788038
1969871175
1972151424
1974229889
1974350956
1976785139
1977437756
1981145633
1981945560
1982358777
1984731596
1985780113
1987301215
1989440634
1991522114
1992515165
1994045194
1995514902
1997046417
2001036735
2006802634
2006995601
2010720522
2012250065
2018583233
2019237698
2020268385
2020481194
2020486481
2025604171
2027742019
2032568680
2032605508
2034578660
2036978605
2038132944
2040002252
2043776143
2045584121
2046620590
2049066124
2050415024
2050783371
2061097108
2063545668
2072202303
2073550211
2076258526
2076391730
2079505633
2082286704
2089186019
2092279217
2093920799
2096061224
2097377424
2098469513
2100838572
2110866113
2111669347
2112451927
2114141092
2117253469
2121808036
2121843297
2122035879
2123048465
2126442433
2126565591
2127503697
2129133764
2130133396
2130538334
2133678882
2136238656
2137228982
2138216652
2144171648
